817
691
801
868
608
585
367
241
503
953
150
297
795
353
338
893
295
835
989
773
907
202
499
54
715
146
432
838
951
825
165
642
914
696
304
364
920
547
93
478
438
651
250
270
842
682
157
264
17
628
429
61
248
156
395
683
435
125
800
690
599
994
853
18
876
219
983
234
121
334
958
311
53
190
112
996
354
174
180
515
415
449
852
374
714
1
720
794
518
658
612
319
355
46
60
88
656
232
122
228
538
558
746
841
233
580
674
428
985
968
582
265
181
151
468
381
785
671
636
384
10
575
255
827
873
426
308
497
242
194
883
225
577
734
563
422
783
587
375
43
611
323
127
278
723
536
339
528
557
604
498
925
887
590
164
704
454
667
32
974
763
662
399
77
3
770
193
111
31
808
321
24
943
260
592
589
548
779
57
926
932
851
370
527
380
197
781
526
11
677
222
239
423
818
830
227
286
584
918
218
262
647
916
833
716
23
942
646
997
457
305
392
240
768
733
231
971
684
962
68
363
420
201
276
226
494
167
22
401
16
963
175
368
352
898
552
445
944
952
162
978
847
301
778
939
759
782
541
109
159
369
131
872
675
72
45
719
834
86
741
821
8
855
216
41
593
327
668
775
966
442
185
425
2
653
937
287
119
211
561
78
909
84
632
789
802
738
191
930
455
879
941
553
820
980
237
516
459
618
376
80
871
183
744
342
846
888
34
998
579
90
605
89
903
464
586
736
505
722
922
450
979
622
416
20
839
130
814
266
849
992
182
895
512
28
391
648
935
65
959
152
727
30
144
252
173
358
158
923
660
273
572
192
637
267
772
626
473
970
597
35
551
509
621
133
904
196
721
756
268
826
142
837
85
697
15
786
685
223
331
702
382
607
48
137
349
805
578
482
663
688
412
87
803
341
813
940
58
470
378
437
12
417
718
984
385
332
491
693
644
29
318
177
396
619
816
7
393
960
999
614
128
583
263
403
761
44
256
213
955
400
52
333
799
299
50
298
807
186
386
6
361
710
148
83
948
774
205
890
340
108
238
543
345
732
467
701
728
285
777
300
949
236
469
540
870
906
504
652
143
443
568
990
627
921
335
933
743
471
313
188
680
641
634
506
166
600
243
475
624
140
490
424
762
387
767
136
79
246
259
725
603
866
554
957
330
220
564
911
408
200
217
419
405
645
431
184
94
964
98
757
446
753
981
244
640
549
900
546
912
314
613
472
699
545
804
73
480
365
987
669
588
840
176
439
294
129
928
126
623
570
891
283
487
625
811
917
103
510
261
681
755
790
40
832
272
854
275
465
880
104
466
742
749
748
694
889
377
661
885
678
163
729
36
49
484
64
596
214
430
92
686
253
322
567
215
848
496
967
462
307
249
913
511
245
726
539
19
91
894
676
456
495
740
114
293
787
809
705
171
141
486
616
292
901
606
747
556
21
343
867
764
581
99
154
735
224
758
822
724
865
179
765
132
655
929
843
288
269
750
982
594
976
33
845
303
413
320
650
565
635
453
59
544
96
666
537
70
737
138
530
452
908
555
664
550
210
703
615
878
698
936
189
824
711
643
155
55
562
404
860
110
362
633
447
975
149
373
38
493
247
919
27
337
309
317
812
522
296
433
731
500
325
371
897
630
407
602
954
81
25
881
739
390
828
359
576
169
569
124
117
206
850
598
56
533
902
37
886
383
310
745
348
336
896
351
203
479
977
882
326
877
360
531
458
411
534
258
410
461
414
62
924
708
187
280
347
282
106
153
0
344
279
819
829
251
571
289
609
13
523
281
861
5
350
100
542
752
4
566
769
673
780
760
397
372
207
559
620
312
857
105
476
659
796
532
134
102
328
507
463
139
629
51
931
118
485
875
302
956
525
113
823
961
71
489
69
707
679
654
995
306
9
208
488
115
101
291
806
135
972
198
406
993
316
14
440
168
560
123
991
519
284
66
97
649
277
884
460
483
946
910
776
892
856
784
508
76
869
209
74
815
229
788
107
692
947
730
529
39
754
988
521
418
672
145
366
441
502
520
797
324
793
474
670
938
595
899
257
965
271
513
986
274
858
639
969
394
713
862
421
212
160
810
254
434
481
477
864
717
591
356
712
610
706
82
63
836
147
357
973
409
874
945
448
398
230
235
535
927
791
389
451
695
601
863
221
665
290
161
524
42
501
116
751
26
771
638
831
492
934
346
195
514
47
844
204
172
67
199
379
329
170
689
120
905
444
388
766
687
95
178
631
574
402
915
700
517
859
657
950
792
436
709
798
75
315
573
617
427