46
0
4
83
91
44
68
81
91
11
61
68
20
7
8
11
54
85
67
22
100
80
6
57
15
51
59
26
30
6
71
84
84
67
53
12
40
60
50
46
14
13
40
58
58
54
24
76
12
6
48
83
51
97
19
25
55
66
1
58
67
34
80
91
40
31
95
95
0
68
77
25
20
51
91
13
93
34
62
33
0
35
55
89
93
35
5
22
1
44
42
43
37
35
51
24
61
9
28
85
60
73
97
47
58
15
34
9
37
87
20
79
2
67
36
60
39
69
18
31
18
66
72
6
55
58
5
92
36
68
42
2
47
19
80
71
20
76
27
1
10
15
50
61
99
95
64
93
58
81
55
64
94
67
37
7
58
22
50
46
100
40
77
88
44
34
98
86
68
78
79
59
51
55
69
100
8
46
82
98
10
59
38
91
98
60
89
28
41
57
23
17
15
63
77
77
58
20
88
75
63
84
97
47
99
98
8
39
52
30
16
60
72
71
13
21
75
27
53
72
37
74
70
70
43
30
35
60
20
36
96
72
73
54
26
4
42
38
52
56
6
11
39
99
10
27
20
77
70
6
8
71
90
80
90
7
47
37
4
37
39
25
29
10
20
13
1
8
67
85
82
79
6
64
71
61
90
4
77
73
90
81
89
70
32
78
10
45
26
18
79
38
50
41
43
51
78
12
73
41
40
80
53
35
59
36
5
100
35
16
79
63
71
45
56
81
90
69
28
46
2
97
79
85
48
53
88
55
82
91
49
71
49
9
41
0
81
84
12
46
99
90
13
20
96
96
10
44
84
24
52
81
52
2
47
79
91
75
71
9
22
86
25
96
56
65
44
12
55
51
42
3
31
10
84
7
14
86
87
60
5
5
17
15
12
75
50
95
87
89
95
88
64
56
20
53
89
94
21
38
35
32
100
89
84
99
33
2
74
76
44
50
94
87
49
15
94
77
88
27
82
73
18
65
64
89
8
28
16
57
52
40
97
91
53
96
93
34
85
69
0
38
19
0
77
15
49
25
44
4
19
47
12
55
0
95
98
87
25
44
39
43
60
66
79
73
84
10
28
44
95
0
40
14
75
16
98
42
94
83
51
14
87
97
4
43
99
80
31
95
46
13
89
33
88
11
94
72
19
39
57
77
79
67
82
50
68
84
6
79
96
2
20
25
15
44
84
88
85
39
82
16
47
40
40
68
39
16
18
75
30
12
44
90
0
68
5
68
90
33
80
15
8
73
49
9
73
19
77
58
11
38
8
87
12
22
40
42
87
19
39
10
79
96
46
77
0
75
17
91
0
44
84
42
52
16
87
73
10
35
89
5
50
72
16
80
42
64
95
39
34
94
20
18
30
44
35
89
35
80
22
5
95
31
43
19
40
34
33
67
50
50
67
55
13
55
71
31
84
96
44
34
99
67
22
74
82
13
82
43
100
60
50
44
79
56
53
91
6
75
37
20
16
6
45
33
93
91
50
79
2
17
60
47
20
13
95
95
0
72
58
58
44
19
53
52
4
10
87
91
39
36
52
11
4
55
20
96
48
2
11
46
63
76
34
57
52
7
92
58
100
47
51
35
13
47
84
28
44
79
50
8
82
67
18
5
20
20
27
91
87
20
47
30
20
9
5
8
40
95
43
61
35
95
27
87
0
35
85
3
91
91
28
4
58
21
94
68
31
50
19
94
75
10
15
16
69
98
44
13
37
75
52
32
58
44
46
79
94
22
35
40
57
37
99
59
83
79
79
47
70
94
67
10
48
71
24
7
72
67
83
6
10
77
71
79
84
94
76
60
39
17
80
93
89
97
67
4
57
35
85
2
14
73
97
24
5
9
83
51
31
99
10
36
33
42
15
0
55
58
89
4
47
11
88
15
61
95
70
42
66
71
98
25
51
41
56
74
28
60
31
53
91
47
95
65
56
79
84
43
48
41
51
69
40
82
5
84
11
84
57
70
0
55
6
4
0
74
13
97
60
49
15
89
15
27
58
0
28
70
40
40
81
44
100
36
40
64
6
8
39
51
60
88
99
20
39
13
7
55
98
11
81
0
52
4
10
86
76
77
89
84
91
58
88
8
61
2
3
36
65
22
48
9
37
25
6
64
44
87
33
100
25
91
90
57
0
100
41
39
77
20
94
50
96
53
50
51
21
19
58
37
72
60
71
50
91
60
73
39
10
81
40
79
76
46
70
95
77
27
9
35
37
39
14
44
90
0
38
84
30
5
30
36
2
55
96
27
40
44
84
35
84
100
30
21
77
49
6
90
15
36
72
54
100
35
71
63
96
88
51
84
8
34
4
4
1
80
55
42
58
63
4
20
85
14
85
14
75
25
73
58
67
28
73
34
100
1
71
13
73
28
72
40
97
18
25
79
53
89
94
99
94
34
60
57
68
20
50
34
93
59
31
23
81
46
79
78
43
20
16
24
31
51
55
75
6
11
83
7
59
79
58
33
34
87
41
97
4
13
8
6
5
13
52
88
20
25
89
13
40
36
95
84
64
53
77
55
96
70
100
38
60
26
18
32
0
14
25
1
49
12
84
20
58
61
53
11
89
24
8
1
14
98
55
8
99
10
25
12
96
61
20
6
35
79
12
40
69
67
67
77
6
14
51
40
12
44
32
75
53
6
35
10
91
91
99
7
34
36
28
75
24
50
2
51
11
1
84
31
99
71
41
75
53
12
88
95
87
15
13
14
11
50
2
12
62
10
54
12
46
20
50
39
62
95
34
84
9
95
9
57
38
89
46
59
53
33
89
83
84
46
0
44
76
77
36
22
88
12
20
7
65
2
100
0
27
10
68
79
40
6
7
36
15
91
74
33
13
78
36
60
77
77
48
58
47
81
98
46
55
63
10
52
12
95
96
58
11
36
79
81
2
62
10
81
38
69
85
13
30
91
2
55
60
10
92
82
60
21
100
47
7
95
58
49
49
93
97
84
55
70
4
51
46
10
71
53
89
51
22
39
0
20
90
20
33
95
88
60
34
60
8
36
28
51
86
58
35
9
9
89
20
34
85
88
70
35
64
38
98
45
64
44
52
98
99
37
98
41
65
99
21
8
50
14
7
13
78
1
40
35
20
82
99
36
85
49
41
6
15
8
96
51
50
55
88
57
66
34
30
11
0
50
48
72
28
26
64
55
94
83
89
56
60
73
77
47
58
55
51
96
20
98
72
100
79
2
15
50
48
91
69
20
59
95
69
79
7
30
99
35
84
87
0
94
44
0
69
78
37
77
52
77
11
47
11
0
0
5
5
23
49
5
12
44
42
58
64
55
0
71
22
22
20
7
19
49
35
76
88
89
91
49
77
96
10
2
22
38
81
78
8
94
20
79
21
68
13
84
16
40
91
77
20
9
80
59
89
45
50
54
93
43
46
44
77
25
28
46
63
72
18
7
94
67
76
64
46
51
35
38
84
84
67
35
38
97
42
82
75
46
16
50
100
25
31
19
15
61
91
84
31
79
51
25
5
11
93
89
84
62
54
77
60
79
35
56
12
6
41
85
72
36
80
51
99
28
94
88
5
84
99
55
13
37
21
25
44
77
40
52
84
60
82
57
49
9
49
98
15
23
25
79
55
10
66
51
30
60
56
81
36
42
42
84
10
19
40
50
43
12
25
10
49
44
38
15
54
62
25
87
86
51
97
51
52
59
58
51
47
84
91
51
67
26
42
44
20
19
41
51
78
97
8
4
13
44
55
5
69
7
19
79
27
52
89
35
25
35
20
58
7
46
15
61
59
88
53
25
10
51
74
24
56
57
95
39
37
19
67
67
40
71
61
54
31
50
31
34
71
20
61
97
36
76
57
0
80
39
99
15
74
100
96
28
53
58
11
0
64
80
93
6
51
13
44
40
11
98
91
17
36
37
63
44
53
80
60
60
9
100
53
5
12
46
77
20
58
81
8
20
58
67
91
99
32
81
98
60
69
100
71
23
54
35
93
84
0
33
28
45
39
4
98
59
53
81
11
46
33
21
73
54
9
82
4
80
91
22
37
83
75
12
64
13
30
31
97
89
73
16
100
97
93
15
77
37
37
53
44
75
10
16
81
58
89
59
87
68
38
82
38
96
16
39
32
10
58
84
21
14
87
99
91
73
51
27
94
81
97
73
17
36
12
99
74
80
59
31
35
79
8
44
62
0
94
21
59
8
89
6
10
76
65
91
37
73
28
93
80
53
89
81
10
58
46
10
44
84
64
42
99
0
19
19
98
46
48
79
70
64
88
13
50
3
15
53
79
9
63
4
18
88
19
34
4
11
78
40
15
15
10
50
76
58
4
73
28
49
98
95
49
56
50
23
31
71
39
77
46
18
73
96
45
6
12
67
22
71
61
53
54
8
56
66
50
44
79
40
100
68
58
87
28
86
32
15
19
81
62
7
64
71
5
99
63
91
6
59
6
51
90
75
81
35
63
49
82
44
67
38
60
53
8
5
60
48
52
91
46
31
80
26
60
49
31
79
44
61
53
96
84
82
42
60
42
60
77
89
81
70
20
90
92
45
16
70
80
66
30
30
64
71
91
44
51
97
22
17
94
100
93
51
99
12
64
85
37
72
73
36
61
66
27
46
71
13
79
96
11
96
79
13
88
39
25
71
81
89
51
25
90
62
49
75
95
51
38
53
98
12
65
81
0
55
82
27
79
9
25
19
87
34
44
16
15
61
100
0
12
63
76
40
70
53
55
44
52
6
0
31
88
60
1
4
42
100
86
51
45
90
57
37
98
52
70
52
36
19
43
50
87
35
64
63
7
75
58
42
84
95
46
71
55
59
87
61
25
88
85
13
100
71
69
1
59
36
9
18
87
36
46
36
46
98
46
78
71
71
13
58
91
81
26
17
54
25
90
13
70
50
61
94
32
76
91
58
40
60
28
1
32
86
94
19
95
27
60
53
6
46
4
57
55
59
10
76
11
94
19
11
40
51
46
28
10
39
44
31
34
15
68
42
55
24
71
55
81
42
84
53
6
57
44
78
41
66
70
95
20
100
90
14
90
13
77
96
60
44
49
14
24
46
47
35
65
84
86
91
5
100
60
41
52
55
74
74
100
10
66
58
50
86
44
86
31
19
72
15
16
38
15
12
60
86
79
85
89
57
53
35
91
25
91
45
63
88
36
51
43
81
84
8
78
44
58
48
67
89
37
96
16
49
95
0
59
79
70
86
47
58
76
44
15
57
40
11
20
75
13
80
7
10
19
69
34
31
14
59
11
43
78
95
72
20
84
40
18
81
87
89
5
94
84
29
53
88
0
35
71
55
73
2
91
27
20
95
71
46
11
80
37
80
57
84
20
96
58
44
26
60
91
84
89
90
40
66
28
10
37
27
49
56
54
19
55
25
79
20
100
15
0
33
69
38
53
58
9
46
63
57
10
43
31
82
82
13
99
26
13
44
40
95
51
35
77
99
99
4
56
71
55
8
70
2
77
74
6
81
26
99
98
84
47
47
40
0
82
11
75
4
44
25
0
73
43
84
78
64
58
64
58
10
89
59
14
87
26
58
60
38
70
12
55
90
71
95
55
1
35
78
1
35
13
65
16
20
2
9
10
49
55
89
46
95
18
66
68
28
58
79
6
14
63
11
20
8
88
35
77
51
85
93
71
100
80
57
89
59
9
36
73
19
77
94
6
94
79
76
