9712
2291
9206
6498
4069
3014
9353
7528
1791
3556
8049
2633
4398
4390
7078
2568
8554
9613
9932
3993
6399
7518
9942
2128
2401
8791
8090
6817
128
976
1746
5472
5169
6756
2026
5937
2792
3493
9248
2067
8741
7146
5152
2530
6478
6386
4357
843
143
1701
9192
7756
4059
4894
859
5292
1648
8979
7435
8529
6028
3166
3560
2908
3161
8482
9320
2201
3213
821
8715
1134
5067
9952
6333
2724
5748
3254
3136
6975
5496
1939
4349
2934
4027
1592
3659
7840
6317
1257
7177
6648
6927
1575
1827
4672
8732
3747
6811
8598
2245
3030
8317
5883
7208
431
9858
3897
5388
8729
8983
1869
7953
4260
4965
5176
3303
7830
9619
9940
8744
1416
2511
8535
3244
8151
8426
4091
9863
4698
6716
6387
7812
4259
9279
7500
0
1185
7113
1348
1813
5097
996
2743
1236
3513
144
8832
8611
9146
7872
371
4979
5095
4312
4351
3862
3750
9366
5624
618
3496
6140
7269
816
509
2350
3592
7563
4231
1006
5564
5385
3954
6862
6418
1303
9376
8525
2244
4050
3037
8237
8199
5183
6937
1747
1882
4723
7011
2687
3429
5049
7456
6094
8604
3823
339
4835
5495
9914
5191
9548
5122
5438
2070
1974
1518
8290
2147
3779
6388
401
126
886
9211
8558
2972
5847
84
2134
2672
2928
2428
4521
1111
8153
655
7762
2906
4636
7
5462
1453
8158
9294
6274
6677
9411
2801
7985
6912
2168
6820
2958
6505
1924
9004
403
7904
265
355
7521
9182
3650
1723
440
9101
357
9476
7326
815
2600
2280
9249
3
2151
6299
999
6583
6241
3593
9391
6442
7527
3608
4453
8945
333
3034
4031
6851
9052
2364
3197
752
436
9687
5449
1868
6326
4037
5645
1971
3214
6426
4083
2135
463
738
1425
6913
8294
1308
6384
6708
8605
1927
2764
6174
9503
18
7092
9636
9537
6293
6199
109
8691
96
6714
7836
195
2716
55
4157
3902
9176
1876
8340
2456
945
3909
8337
6097
1171
2570
6494
9086
3159
2086
5172
2951
9062
2441
7254
8622
5814
7199
3326
7457
6843
345
4554
7667
3035
3047
3968
2197
6752
6923
3813
7759
8273
1432
3540
7606
5854
3609
8713
1561
3474
7601
8248
1417
2942
24
4613
2231
6033
2555
1913
9999
1254
549
5837
9668
7176
1510
9079
3973
8073
9434
1839
1875
336
5760
9403
4105
3653
2576
1542
8114
3003
596
8928
8057
8253
7135
1609
7041
9105
2260
5546
4790
5646
2722
614
3226
728
1072
865
7846
9443
7813
3107
1175
8439
9715
7297
593
1630
3975
4271
3021
6425
1891
4221
5651
8860
8309
8104
5943
7242
166
9881
5912
9649
6632
4430
4711
6565
649
2284
4455
2997
6613
1937
8670
3065
8530
4776
3156
955
2531
8243
9614
380
1402
3964
6968
5299
8222
6338
1953
2658
3591
1008
7934
7491
3745
4903
8308
6137
1838
6542
9843
4164
7444
8690
6012
9931
6801
6662
3179
2054
3366
6737
2742
4946
2106
2055
127
3815
6348
5570
5993
5180
257
474
1321
8739
8425
8642
5458
4589
1668
6618
461
2210
8871
5009
3231
998
2976
909
5327
168
3427
237
2806
1666
6025
921
8795
7969
3863
6346
7181
1423
1997
1608
6949
1680
1497
5239
1276
2065
1844
2857
7773
2834
8310
5052
4690
8665
7274
5942
8213
5623
2345
1769
9575
4159
2167
3602
2143
538
2916
364
4550
9673
1758
1727
4608
2863
6870
469
6130
7052
259
453
8876
4832
6240
8961
1462
8246
4753
6419
2927
4359
1577
6724
1054
8120
9939
5926
319
1142
2308
146
9436
2615
1604
245
3967
4847
9382
1900
3932
4930
120
8562
4365
3930
822
8241
1811
9017
3510
2923
3502
6796
1519
1353
4096
1540
7519
7973
1031
4839
1115
303
9745
8299
4890
4800
4251
5808
7687
6111
5813
2920
526
7513
6200
9477
7868
4943
817
6008
8008
8383
2522
5291
3637
725
3666
8089
9892
1652
4714
8809
9111
4607
5021
3277
715
4250
6287
6277
2654
5213
550
2473
5306
834
9491
4535
3290
4248
6491
7995
5707
6630
4734
4804
7325
9006
675
7153
4161
4432
9396
2846
4567
7117
3190
4520
8060
5886
3191
6806
2614
1873
1705
2598
9384
7051
1036
218
2850
781
3048
6593
5982
6722
7431
8731
5696
7346
6550
193
6929
4132
7263
7566
5441
9397
5548
7102
5100
907
9013
7635
9285
9026
8506
8160
5608
4595
8232
8909
2778
8543
123
429
7912
9880
1248
3838
7304
6273
6728
5175
5014
7300
1264
69
4034
4465
3165
6172
757
5527
341
9487
5367
2140
2486
6182
9996
9820
3717
1300
750
5750
7637
4760
6973
4459
8421
347
1606
7954
2990
156
1354
8218
1120
7461
9028
7353
3716
4600
1906
4883
4307
4644
5050
5108
2239
5561
8948
36
3071
5166
9227
5693
2789
2536
5762
4867
5877
251
9385
8512
3482
5
8107
2998
1560
3274
7902
5902
1042
7686
6976
464
2022
6171
4188
5614
4823
9332
9100
2263
6
6308
1311
9413
6591
3507
2122
7009
4318
4502
8137
334
693
5436
2000
7633
2136
7390
3841
7375
6867
8141
7467
2948
6401
1760
4596
2434
8757
8112
6202
2249
38
1071
6953
1730
7367
9527
6034
2490
1805
9144
694
1524
6815
4642
972
648
9152
1751
7109
4794
6669
9514
1251
1015
4321
8362
7952
9961
298
4639
256
5252
6639
3505
9326
4920
2297
1514
4331
672
1259
5400
1975
4028
6041
2270
7075
9395
5549
6970
6135
4051
1816
792
7466
3917
3797
9705
3439
4100
8717
6286
7209
4576
181
1586
2955
2450
8526
8708
7901
8916
7249
8700
6208
5772
6797
1603
946
3725
2765
1557
6789
5521
2889
7959
7024
771
9981
8785
2551
4266
353
8143
5766
7965
8938
4482
4741
2692
6557
5789
3842
2298
9532
1473
2782
1114
6486
8484
2123
6126
4743
1728
1799
8376
4313
8050
8767
7493
882
5540
7331
6902
8788
5125
5061
9926
5206
7018
2397
4517
5758
6136
260
7657
4931
4060
8996
4770
7672
2583
1486
571
8139
4409
6592
5003
4172
2296
4997
7200
2116
7458
1926
9902
4153
7169
1691
1122
1685
5190
9364
1569
164
8960
9038
2959
9549
3170
1566
6237
4499
7197
1032
3935
7227
1764
8129
3264
8034
1578
7643
2016
3408
2661
3252
4342
8149
529
5725
4715
8999
4968
4418
3622
8766
8811
4197
6095
6856
7799
3971
8572
6687
6532
3605
1181
7033
701
6157
8463
3904
8026
6824
1109
323
7178
5945
5419
7014
3133
6792
2769
7758
4761
4712
1092
5985
6531
7654
9051
3475
8280
5267
7166
150
784
9278
3854
3357
6225
3049
1455
5801
5978
9216
5392
3262
8888
8872
4860
7893
432
9470
5352
3843
5204
8931
2798
3494
2719
4423
7210
9012
6554
7614
6831
2050
4850
4460
252
7930
7301
5999
3901
5774
602
8677
5020
7454
4325
9602
579
86
7460
9236
1133
3611
6409
9593
2242
433
8047
7507
3708
8111
9082
3530
7514
6658
3319
4182
8037
4374
2690
449
8282
37
3204
3299
3026
3628
1796
2881
3512
9873
5996
721
1778
8146
1009
1242
8532
4542
9337
5091
9009
6945
1178
1386
2837
7712
6159
2149
7305
3960
1663
4928
4844
8950
6821
1994
4593
2694
6117
507
3084
5437
9242
2731
4739
9672
6727
399
8163
2941
6422
2585
3001
4696
4333
6941
9104
1798
9953
2327
6205
4130
5402
6715
1316
844
7569
2192
192
9135
755
537
4339
2088
9132
4062
6066
2183
5699
5249
2436
7738
3640
6113
5702
1375
542
9802
62
9748
1204
3241
9381
710
623
312
3124
5417
6833
8666
7329
4673
2999
1579
5229
1037
6114
7356
2844
8524
6802
2277
1684
4773
4092
6730
1119
5420
8205
5572
2632
8589
983
2830
1789
2307
5706
9215
4436
7898
5832
3662
6757
1182
8826
8004
4422
4350
2741
2093
8117
214
2930
121
5371
3454
3937
7659
2187
5537
629
56
3759
706
8043
3487
8748
8923
6997
2965
3070
1881
6717
2676
8877
7860
6596
4747
741
8478
9992
9136
8488
3939
1132
1357
5713
5889
2718
7530
8567
5025
2225
1470
1194
9485
2368
9168
9923
5281
7050
7690
2388
9801
3719
3691
6000
2200
3135
5632
4996
300
7056
1660
6854
1508
6723
2876
9786
4583
4042
9095
5216
6633
8694
3914
2405
2897
5611
4095
4532
4270
5820
6215
6037
5751
3421
1887
161
3338
4730
772
4510
1238
5863
68
3527
5361
4174
3574
9766
9369
6511
4493
9709
6892
2381
2829
2902
3925
6926
8414
6466
7662
4592
5981
1493
831
3013
2852
8787
3535
1703
9986
8571
9505
9832
9789
7042
6590
3174
4651
6458
3010
5185
5710
9826
118
6823
1475
5903
5749
1069
229
1350
2819
73
9787
9360
6914
2496
4708
5955
5002
28
8385
904
2237
8985
4108
7121
533
2921
6366
8086
7096
6334
7680
8752
1968
445
9035
5333
6876
4678
7746
5508
4454
5261
6479
6134
2924
5464
6946
6940
9900
6320
7235
1427
8925
8882
8594
8868
4363
1638
9296
9293
1396
85
7828
7549
2191
2756
48
1117
9149
4104
2970
5150
9979
923
8000
9746
8133
1102
8810
9544
9605
4249
3830
5310
6292
3058
2638
6184
5697
5442
4322
1787
2728
9077
3623
2215
4782
700
7583
5043
8678
9830
841
9928
5219
5927
7420
612
1033
7152
5226
8084
9163
9138
8623
5680
2073
9127
2953
4150
9620
2421
5348
98
9314
7278
5931
9665
582
9699
4780
9606
7785
6528
9494
5500
9966
185
8342
9302
5305
4983
486
1022
5247
6938
1206
5412
5664
1544
6465
154
6429
9611
5915
3597
8693
7083
7327
2472
8647
4733
2483
2080
1664
1825
5688
2538
5633
6544
2781
152
2396
9123
8398
1407
5556
1710
4446
7068
169
2561
2946
6907
619
3616
6849
3103
9243
5026
9284
1306
8652
7255
236
7283
9482
9344
8102
7281
628
4630
9142
5641
2274
9528
1632
5899
3041
5198
885
6628
1436
9392
8956
9541
2142
7336
9739
3361
9747
7192
6680
3360
6600
3395
555
4262
3859
574
9965
2528
4605
6771
8568
8373
4637
9761
929
2452
8978
1352
5722
1284
2357
5835
3479
1726
3466
5147
9154
5227
6043
5541
2788
2656
791
5287
8366
8087
1184
565
8561
4807
7162
1223
1055
634
7451
9995
5628
1662
7974
5859
5063
982
5678
7471
7413
1626
5667
5994
6485
7689
7541
3405
9583
7376
7295
3715
7370
7000
3393
2400
7279
5347
351
5273
1105
4086
6049
176
4294
6745
4402
9750
9067
1261
5620
8683
3486
8913
8457
5663
1017
4530
5922
5777
6539
7173
6264
3641
2209
4167
6800
4023
1304
898
1884
4032
1081
5856
4998
177
5405
664
4045
740
3358
1279
7824
281
9561
4247
3386
3856
9624
8759
5825
4217
1525
3542
9438
1651
7775
1852
4895
5196
7085
9683
1523
1195
1582
9277
7703
9663
1925
1428
3676
7432
1980
2329
6947
863
4909
3414
7164
979
7675
2960
9685
2386
142
2154
3889
5341
4755
6170
6305
9165
5690
4904
5910
4795
9577
4254
4117
9847
5516
1180
6844
6850
6461
9768
6853
4263
7485
1812
8519
9
7455
7856
8761
9752
9289
5810
5459
9859
2300
9238
548
7806
5654
1320
375
5494
3426
1724
202
3648
2343
5875
8893
9540
9002
6405
1731
3723
1038
9934
7574
3184
1380
8730
5139
1494
2697
1044
5648
8409
7365
8012
2462
7048
7730
1188
4255
4581
4501
9007
4047
3977
263
9484
2220
3237
5874
1740
9108
3379
539
3349
9915
6625
6694
9389
7696
4494
8755
9848
8257
386
730
8076
1807
7445
3757
7406
5950
397
3517
4317
4116
3092
3500
9993
7790
1596
2757
4615
99
1196
4000
3698
3824
8955
9600
1478
2211
4413
3278
2815
2625
6306
2684
7315
5346
5870
8831
3282
6323
1771
5954
9558
2087
2326
360
1795
6827
2166
4503
3695
1589
8881
479
5658
6151
3365
3923
6705
4219
5676
3936
26
4771
2620
813
3752
3377
3346
2695
6733
9281
711
5241
7081
3140
9582
9844
9231
1101
415
22
7962
7788
7873
8619
2072
3656
8369
5861
7907
3221
5694
3850
2240
2700
743
4628
8566
6726
3809
2027
424
6987
8627
258
6576
5350
4559
377
5918
2524
7155
4210
102
6304
4376
4878
5301
6454
8401
5589
4046
4701
8738
4602
2229
9974
6086
9908
5924
9140
2686
9427
3606
584
9721
3989
8338
5518
9121
1020
9983
3568
6311
5817
3307
2594
3017
6732
6747
3088
8140
6615
1547
6778
4443
16
578
9073
8538
534
5182
3654
3899
6560
5838
4700
1057
2152
3409
9571
4658
2009
713
2870
6982
158
2558
2826
3083
8687
5446
2589
985
7504
7999
637
753
3380
5278
1716
7400
8676
7017
5515
8849
9459
6720
6165
3520
206
559
4400
3062
2130
585
888
4885
5293
7879
5289
6022
8476
1421
7182
2655
4368
6637
9205
686
7116
7590
5836
6415
6005
7691
9749
4405
615
5017
8424
47
6078
9950
5489
5960
1986
6572
514
4152
2674
6698
5891
2992
5819
1890
1837
5592
2559
5127
4134
8267
9213
604
6296
1451
3411
7139
2681
2303
6410
8534
987
1433
5064
2717
8952
7311
1228
2590
2193
8313
1382
7715
6262
1998
3806
6132
3433
5105
6339
1543
4220
7658
4016
902
6702
7623
5111
3323
3849
6750
6754
1439
5755
5539
3758
830
4820
1512
5587
8239
9727
3910
6501
1097
4149
8653
2044
9883
2919
6444
3011
9796
971
2125
1043
3879
680
8621
2738
6965
525
2708
2487
7163
3516
8118
5782
8806
600
299
6441
5332
8800
5427
4553
4892
1290
4735
7294
6315
9225
1677
8803
4620
7126
7379
2603
2408
7337
2216
411
3941
8581
6396
9719
5453
6520
2416
2311
8459
1299
5486
1901
78
7671
9471
4181
8319
7892
2312
1565
9261
3097
2735
6869
2395
2796
2822
468
1828
896
9646
1469
9191
1834
6361
6230
8123
234
3669
3104
9040
6331
5823
5268
8772
4918
6001
7845
6597
8820
5171
4512
7407
913
6999
7782
2131
7827
4720
4334
7310
1007
532
271
7276
5505
544
3645
5843
1189
2188
748
9305
9564
5894
5168
2774
8620
3392
9734
2566
5911
5280
2553
893
7994
1404
756
5320
2101
3085
4305
6838
9226
2643
9692
2376
7006
3137
868
1502
6371
1056
873
4352
5418
295
9493
3056
8305
5597
4005
4722
485
9109
7107
1717
3524
8098
7145
9118
8286
7225
1613
4538
4131
2899
714
9250
292
3164
7781
5028
1270
7419
1933
8546
7924
6462
8325
6846
2258
359
5430
717
101
7090
9303
5550
4281
4053
3209
2199
4756
455
8994
2729
7612
7694
7293
9325
5759
501
2679
6120
2831
9629
4370
8970
9490
5465
6543
2812
8082
9094
6325
6955
3981
7070
2773
5821
7001
776
1999
4752
7971
6497
5240
3523
1976
6819
6729
2940
8131
6848
2562
2611
7914
7108
1782
4209
1675
7719
4668
2982
90
8145
1323
2775
8040
5372
2194
8191
3709
3374
6964
8924
1847
2961
3614
4017
4014
4955
1040
1127
6313
1379
9367
4902
934
31
3250
2037
1863
3855
4038
5767
2273
4389
2973
773
6322
5070
889
3293
697
6453
5142
4183
4199
9546
2374
1570
8624
6443
2159
9346
2851
2195
7290
9253
9046
8843
2616
2305
9878
419
9794
880
6332
5165
3447
9003
4940
9985
6644
2913
8495
6427
9592
2256
657
1465
9678
7578
2162
1776
8019
6530
4176
3404
2427
8249
2642
7129
7975
1948
228
8607
5245
8245
6879
6786
9190
8025
1090
4724
8410
2137
6075
992
5715
2429
6859
3572
8707
9618
337
4915
9066
6901
9609
7625
6375
8079
7130
1051
7114
8649
2641
7386
8867
7201
1894
1564
1139
4375
7992
1972
9399
1665
6900
2707
44
7187
4944
4580
8981
1918
1472
9774
439
4372
4518
4893
4638
2155
9807
1390
2417
7661
163
6674
7229
3128
6516
4008
7352
8692
3999
5625
1920
2045
4767
8211
5048
1302
1768
2766
5482
1137
2816
2471
769
4736
7927
8180
4939
6070
8292
3541
4942
477
9240
7922
275
2008
7964
8497
32
832
4887
4632
3894
6039
8228
3114
6206
6569
6753
2271
4951
3242
5109
8951
2891
1415
5957
9333
4111
201
6988
583
3674
6042
5841
7012
8081
8921
6785
698
7122
8101
6328
2234
7885
4137
6766
2689
5085
3784
3951
1065
957
5684
965
2591
316
4192
6493
687
961
1464
1815
3263
3905
1250
398
9169
5326
6645
3160
8989
5087
5880
4141
1429
9757
536
4114
2575
8391
3436
6928
1640
310
5015
4691
531
2379
1556
3430
3782
1984
6224
9069
8743
3318
9312
8814
9292
8236
1938
6459
8918
867
5640
8727
7749
3924
4297
3881
4984
1738
7941
6566
4833
6004
4015
8908
4168
4160
1452
1643
9574
5080
3825
3301
6978
4669
1563
1605
1633
4826
7112
395
8963
2393
2647
9638
3579
2324
8802
5130
8334
5260
958
7447
6259
7267
4022
2356
6707
4872
1558
8332
1732
1247
9887
1213
6233
9322
3892
9195
137
3990
8838
4461
2181
5510
9525
775
7364
6053
5970
5387
222
4064
5065
282
9968
3553
491
5201
9309
2455
4232
3877
2787
4545
581
4525
92
6518
1430
9822
8138
6836
438
6402
2523
9074
9819
6860
1474
4306
7369
1957
3817
4703
5662
1669
155
2451
3829
4055
9061
8625
5491
8148
6779
2459
2785
2732
1488
5975
1106
8891
2950
4224
5005
515
642
4417
3120
3057
9258
329
5477
2115
824
6143
729
133
2039
5099
9897
41
3687
936
3751
2315
1298
7508
131
9272
8188
8095
7119
4056
1385
2175
9621
7717
9971
4358
7366
8288
3373
4816
8689
1454
2425
8986
9538
9262
392
9713
3869
2657
4401
1809
274
4226
5342
8169
5743
1862
7488
4479
4018
8172
1647
5075
9117
7238
6342
97
8798
1963
511
7524
483
731
4435
3491
3224
1217
8303
2548
3891
6793
3545
8466
3668
9846
8446
6071
5444
9340
2971
9328
7076
3601
2631
4754
5701
4749
1019
4923
7809
7399
7684
9383
1601
1896
5940
7869
4829
5501
1244
2110
8254
6950
1629
4590
5850
1841
3243
57
3336
3218
7409
819
3799
3260
914
7570
4838
6006
6512
6362
9247
7247
4684
6577
9671
6610
4371
8400
9703
349
3460
9856
9199
3718
6158
597
426
7125
3678
1695
6958
5217
795
3461
3965
8048
7191
8777
81
5411
2634
9420
6040
9565
8555
7559
9744
3106
9906
7636
9099
4303
2858
7165
9090
2474
2331
7034
9947
1145
8640
3222
7195
4566
7862
2442
8887
4681
6852
1714
10
2446
7765
9954
681
9014
1874
2630
1617
7029
9780
3402
34
6019
331
9175
6372
3216
9186
6986
6221
4377
4364
5686
3831
289
7778
5259
2498
6180
2286
227
4367
9573
5136
9534
321
8333
5068
3957
6684
5163
2836
9161
7160
7543
4588
1156
7731
5434
4478
7427
7605
6360
9635
1849
1928
9241
9256
6295
8227
8711
7723
5948
6452
94
2127
3044
3236
2255
43
2820
4896
9823
7710
4802
5656
2904
8750
5868
344
8279
1200
4777
1045
2527
3633
6992
3644
2314
4677
7517
9065
8124
6156
198
937
7231
942
8958
7997
2282
2319
787
6067
9081
7232
1720
7350
980
8701
3147
1456
849
5938
9015
3255
5513
9208
4024
5739
3729
7815
5416
9607
1093
9057
6183
764
3584
1330
1458
838
6655
1718
7087
9479
6247
5731
2833
5424
6805
3746
9189
4166
378
3122
8631
5754
8698
963
518
8178
138
7825
1256
677
7401
9658
5588
1140
108
5149
5363
4929
5401
2771
9857
7741
806
5980
9171
1503
277
3345
5429
373
7766
616
5193
8919
5137
7434
3851
3652
5047
8502
1639
8733
7932
5661
5534
1749
1618
8135
1775
3714
2770
5474
5668
1821
3945
1892
2668
4103
9651
1164
1978
1554
9202
9409
2013
9280
6421
6742
4011
1908
4524
7531
8613
21
1711
1441
5746
2871
4240
8006
2078
8991
6758
8261
9072
5011
3940
3148
7682
8641
5718
7385
7620
2754
2907
1969
1712
2671
7726
6484
3234
6608
6504
6863
7894
207
6456
4646
1754
3736
9535
7816
9905
3764
3416
8712
4406
9172
2399
9044
4522
8380
6246
9647
4121
2644
4623
3632
5218
5704
5232
473
9498
1161
9634
8097
9032
7416
8460
6275
2028
2685
4888
211
4537
640
2061
5030
7377
6916
1567
6116
9377
9442
7520
9075
8706
8873
2316
2506
9164
435
2099
8113
5790
2546
2698
29
5583
3018
8195
4253
3583
3497
991
901
8437
7754
4035
8220
4030
6089
7077
5031
5187
6072
8287
8122
1163
8204
8252
5269
4778
1879
6190
4212
5297
9465
2666
897
3259
6155
951
5173
458
4803
5920
7002
5547
4716
8329
8825
8054
2352
8753
5188
6502
8464
7502
5317
7577
5741
451
653
5272
9821
2177
5792
8596
7990
8846
1770
5019
3273
5133
9677
6895
6438
2318
8453
8595
4911
7917
8262
1936
9808
7339
1373
3066
7008
8413
7951
6403
3846
230
2435
1708
9349
3177
8720
9425
9586
4527
1636
8259
7621
6278
2075
2012
6721
4666
4419
100
4450
3407
6794
3045
2828
7512
4746
9274
1806
4335
1446
3952
1110
2372
7983
6496
2865
5456
311
5257
5879
6905
9390
8320
3679
1808
2406
8564
9119
2618
8895
9341
5995
1804
9956
7913
3686
3928
4721
9815
2776
8957
5655
9989
3280
4515
8358
9519
6020
6060
1649
5779
9836
7486
6400
6448
2650
4633
5744
3406
8540
3239
1414
4664
6284
7505
6556
7038
3100
2184
7582
3258
6436
3683
7978
622
9405
8167
3389
2092
3710
467
7783
6142
2978
2721
338
7916
2369
9252
7151
8633
778
9714
179
5966
2212
6330
9661
9150
8023
4856
1615
2479
6526
4811
5923
5709
586
6909
4173
9630
5621
3722
8443
9047
7603
3873
783
2596
6218
884
6686
88
2841
9001
2251
3590
8861
8394
5214
5248
981
847
1012
7745
1371
2886
3420
726
6046
866
7580
6336
487
2415
2046
8046
1103
5439
2068
8597
1520
5687
1729
7887
9627
4171
4765
1205
7115
7779
1405
570
4452
9762
6601
8911
4341
2328
9054
6321
9640
174
5738
5812
4308
255
3415
8219
4964
3075
7534
6288
4788
2091
8673
5961
7935
590
7020
3356
2375
4268
5519
6776
7725
9563
6231
6700
3119
416
6671
5415
6877
2261
65
4407
2823
1635
5410
4959
2868
3012
6096
2640
6424
5116
632
6830
3232
346
3223
6196
1245
6573
503
9155
9310
3096
7183
4571
7248
9263
8162
2475
552
1846
8221
8763
7296
3132
4431
5761
9000
2752
6875
213
8407
6374
4462
3639
9177
5828
5138
6475
5146
2939
9214
1062
3116
4488
1309
1029
7553
9990
9769
1907
5851
9865
2330
9845
7670
3882
5093
1783
5737
3551
2739
2339
3769
3982
5988
8251
8144
4990
837
6525
7841
4354
2019
3042
7175
9831
3803
9696
5890
1623
5644
5929
8250
6211
5919
3369
2704
9107
1059
3142
2957
7335
9776
3473
5174
499
3090
8591
4977
6659
9652
3988
5852
8365
2250
9759
4126
8077
6974
5681
8428
5905
1426
4456
5673
1511
4326
4688
4442
7544
2652
2586
6260
1152
5440
1654
2874
2659
7981
3225
2790
4033
9814
4960
5094
3023
7045
8742
7032
4165
5364
4963
3175
1546
2933
4625
5199
7322
2437
5307
6129
3812
3777
4728
3787
9960
9181
8850
5930
9203
5383
5729
8874
9363
6738
1819
829
4810
2911
1460
9861
6256
6679
7656
8475
8298
5618
2409
8487
9018
871
1277
7487
5757
2879
4861
497
9475
9467
545
8498
4854
7800
9063
9286
1707
6056
9913
9200
8078
2107
8654
2382
1358
6281
1174
644
407
2309
2517
9375
2607
3115
3004
988
9416
2665
157
8265
7228
1734
5579
9730
3828
9235
8096
5800
5834
4147
3362
564
8847
3961
2588
4074
4656
8405
6834
7609
938
8420
5192
1810
3266
9092
366
2862
3847
1489
9387
4962
8959
659
1224
5634
8260
7141
5809
135
2980
2675
891
8201
5872
8646
2556
1445
1272
1151
3807
6123
9078
6553
2302
3314
9679
7733
7450
3840
9579
6185
3289
8516
5132
5775
8920
8764
2310
75
3036
1388
2366
3228
8348
8291
7438
1656
9300
4441
2030
6220
9143
4619
8537
566
5866
1784
7047
5806
5740
6692
9708
2730
8339
7666
6216
3308
5336
2545
9489
5665
1883
2058
8898
7604
3594
4549
5600
546
3339
2121
2648
7101
7474
2414
8157
3146
7161
2020
8042
8586
9407
4791
6191
1736
8147
4565
7822
709
5770
8094
1076
7150
9838
9259
110
3253
9025
9504
4203
9460
409
6210
3689
5435
2378
858
1165
9338
2786
7706
1214
8312
5666
8233
3141
9323
5357
607
2810
8675
6604
2645
7204
7925
4420
9421
7349
1331
9669
7721
476
6354
8370
9904
83
1889
3039
6138
6482
2098
5089
8130
759
2991
7037
9222
1130
6161
1961
3423
182
6812
854
6619
2533
8244
1722
673
1860
6685
5972
8064
3435
2059
9773
1066
3885
3720
7572
3183
7363
8275
6960
3938
262
1340
2544
6495
5398
5066
9126
5652
8812
5909
754
6301
6370
2348
8774
6898
1172
9304
8085
3285
1394
3446
8636
1437
7737
5669
8762
1642
5455
1147
978
1468
425
4947
1286
8829
8200
8091
5831
5824
9207
7804
5842
6352
3325
3077
9071
7382
2569
4267
2649
2702
3257
3726
2463
2660
6327
7372
6594
7607
9795
4985
8449
5103
4381
6656
2247
8585
9350
1555
1741
125
3713
883
2922
9068
1157
1141
9700
9813
5951
442
7332
9637
1387
2313
8367
5195
1814
9724
9693
1410
2593
5275
4687
7007
205
8214
3499
4013
4025
3596
4683
8865
7059
4523
660
6451
3906
2849
7299
7344
922
3372
414
9722
3816
4604
1750
3871
1253
8115
112
3969
2029
6857
3604
4216
7289
8922
248
3458
9539
8099
6514
2518
3094
5225
2755
9507
7475
7918
5450
8419
9842
7848
2129
8858
4362
2267
4805
1187
4451
4686
8002
1932
3576
49
199
9944
7392
1762
6651
361
4293
9089
1168
3913
1363
159
5384
9920
6710
8417
7453
1021
1227
5473
3864
7724
6109
3518
506
4163
6609
2254
7449
8904
6579
7688
6784
6035
1620
6144
6921
7558
5506
1442
1979
4447
9480
9029
93
6980
3919
7099
3875
547
4594
7631
2306
4863
4758
5617
1700
2626
943
6394
6839
7185
6077
4781
699
3171
4801
1035
2365
74
1334
7039
8804
6082
6391
7554
2299
4191
5110
1477
7411
9193
1992
8344
6607
9755
4256
7678
2081
3835
6760
959
4261
1930
6245
4868
3912
1226
7345
9959
940
4812
5598
1721
1345
7795
1177
6536
9307
3145
129
5487
6437
3110
4927
4477
3488
3789
8628
9288
3569
8433
1498
5559
7473
221
3082
2466
9462
2883
383
9139
9554
9496
5368
3452
5475
7798
5607
7021
9184
2066
9522
3767
1280
6227
1108
3398
1981
3410
9681
556
7003
5376
5220
7106
5362
4280
7989
3888
1273
5126
7557
8943
4792
1931
9511
7732
2036
4693
4101
678
5849
4346
7277
6222
6397
7303
140
5974
7019
2703
6011
9812
3701
141
106
8489
2975
8539
3067
6822
9488
2171
6781
6770
4694
8371
2069
7764
2969
690
9656
760
9898
3537
1310
2052
5457
2207
8231
6741
1434
2740
8602
4516
1823
8110
1011
2803
4286
9173
4768
6269
2825
3826
6350
2783
8658
9612
3304
4541
4128
4643
9588
7900
8384
5712
8454
7302
4382
4882
9632
4982
9076
1374
9267
4750
6353
8051
5826
9817
2974
1192
2691
7660
5212
8183
6358
4136
9297
2228
7899
4797
608
4870
553
7539
3451
5098
9158
1934
2077
1581
7397
2112
563
4115
8387
8704
739
412
1802
5747
6092
7230
1422
1104
6242
4563
387
8352
9711
5082
7072
6606
9886
285
3621
1842
7073
877
4345
6300
7855
4661
696
5104
7791
2525
1833
6088
3219
9401
4827
950
9232
4474
2797
5714
1757
3808
5509
5315
7810
3956
6578
7560
2017
8705
7793
7757
1526
1010
5522
2817
1046
4726
8212
1673
6445
2550
7203
747
7854
3422
1657
2535
1347
4102
454
5544
6148
9428
522
8944
3870
6825
5298
2163
6091
2497
9941
662
5379
5189
5612
3269
1670
9031
7285
2410
9043
9596
3959
5029
9584
5493
8033
4066
2680
5069
5160
9682
482
5413
6416
6280
969
7207
2157
3728
239
8862
1243
7811
9515
2859
7058
8569
6603
6359
722
5300
9726
1216
14
8207
7938
8074
8863
6622
5629
9792
7802
6115
6826
3472
6398
2232
2484
808
9053
4087
4394
9218
4143
3872
7948
9530
3984
8127
3391
6891
9866
6989
2843
8432
2170
7819
798
6047
1562
6015
6697
59
7211
1079
7468
1534
1944
2937
7702
8364
9315
4806
1951
5356
6476
7979
7036
7984
6595
3998
633
9030
7268
1166
1409
654
5001
4919
5705
9336
3155
6203
9862
8447
931
2509
1203
1766
6541
5983
3688
7028
9016
6294
2224
9903
5976
8277
1389
352
8347
6611
4473
5197
7393
3052
4830
208
9233
5873
1610
3785
4089
7260
8929
2500
9455
7261
3519
1521
3483
6602
1089
9585
3080
1399
8749
264
1376
4058
3525
327
3861
9441
6627
1275
9178
5892
6349
1448
3699
2758
6065
3800
9758
4622
5324
7156
4395
2172
6121
8681
2411
8041
1096
3739
7632
7797
9266
3878
9264
6890
3589
1085
8886
1661
3636
1835
7253
7976
8880
8782
9020
1482
3074
500
9567
9276
5630
9531
8899
2508
3532
2669
5407
627
3453
5788
4988
7786
8751
6160
9891
8980
8889
9512
3172
1449
840
7834
8480
8714
2824
23
9329
8472
4380
4660
9572
1753
2362
5355
9829
42
9024
6829
1797
3791
3661
3093
2565
899
3677
8393
111
2628
2635
3312
512
7257
2269
269
2896
763
1591
7010
209
767
7522
3880
9229
528
8807
2438
4914
9198
6882
6069
8801
6124
4343
5038
5023
3492
3195
7240
9543
919
9228
6897
2334
3600
8853
6889
6533
5797
810
8038
3235
5545
7735
7259
8445
861
2869
2457
1977
7568
1169
5580
3127
8031
1162
6736
6962
8304
3730
1702
3353
9287
4618
5723
4629
8643
8003
7910
5553
134
751
7245
8669
6787
6272
3921
5499
7874
8659
3503
8217
3550
3780
4954
1854
1113
3664
630
5036
493
7988
8283
6447
1083
5897
8125
3359
9103
4252
6678
6499
3802
3773
6017
2100
9569
7213
6948
7184
9806
9461
4113
8790
8321
6166
6558
3706
7769
2901
6098
5798
4634
7842
8533
6198
8644
5210
9895
5228
7340
4841
5207
4547
6455
3437
8430
4081
1752
4663
1713
4908
7341
9453
2002
5395
3316
7561
5423
4187
6967
2056
6347
1572
7154
9295
9890
8661
8894
6751
1899
8822
4786
2599
4924
6617
6383
5603
5338
6414
4994
6379
3884
7939
8852
7744
9495
8578
4124
5992
2347
1338
9977
8103
4764
1003
1362
9156
9492
6952
5313
7309
5445
3531
4745
1023
4287
8756
3352
1856
2272
4481
9141
5071
5560
6189
7131
6393
9800
1383
7387
4484
6074
782
975
5538
7697
3279
6598
3381
3109
1851
3397
1607
4146
39
7982
6878
7378
3038
8935
8835
9419
9770
8001
6014
5928
6545
1704
2861
8382
1328
1919
3774
5822
6377
5120
5389
4578
6093
8735
2040
9445
3946
9499
6847
6175
197
4296
925
5303
1086
5258
7784
4324
1545
6646
5086
2761
4709
4179
7707
6718
35
4356
6073
2079
8174
7890
1989
5967
4301
3169
7005
8808
7861
9110
2609
4787
9720
1128
7587
9468
1219
3692
9907
1252
6818
1536
315
7408
2317
6376
8746
8306
3306
3332
4269
679
9888
2021
2977
6675
7571
3673
4616
2182
9662
3064
6871
9386
6673
7094
576
2243
9963
2241
2918
9418
3022
7817
8389
744
9426
4049
4975
9368
5526
4489
1026
4969
4080
569
8479
8263
4244
3561
4399
3775
1822
1047
1016
6701
5250
5119
8247
9313
9508
5574
3836
1366
6164
974
4932
3300
1246
3400
5599
3671
1694
1845
4109
5811
462
194
3996
3761
766
3702
1598
6474
7767
5670
9949
8522
2301
1982
3199
3911
3153
7596
7499
3543
1287
2936
5799
3138
8418
2064
7509
2481
3942
4065
1886
4843
3050
1848
8771
1281
8136
5867
1958
9373
5148
3134
5425
8514
9255
3302
6369
2133
7288
8093
5359
2734
1621
4922
9197
1220
4019
190
9444
7452
8474
1627
7787
1391
8224
3734
6213
2341
2443
5365
5576
2595
9809
7750
9872
8105
1535
4480
1100
4635
1266
4837
3055
7023
3480
6101
7533
4190
9764
6345
394
516
8632
4237
5282
7761
8857
7415
2627
1690
3076
8485
7234
3827
4158
4316
6910
2389
1941
1262
8851
3265
2835
4272
7354
1699
4748
3309
7120
6971
3983
8680
1329
6886
5492
5253
9500
5060
7847
5349
64
9899
1167
5200
9406
7318
9998
3337
7708
4842
2010
708
2887
9924
5044
1631
4933
3874
4586
6162
9049
4508
7159
226
1559
7929
6711
9464
1160
1857
1853
855
7501
4391
7895
1788
9594
9162
4040
189
4873
2370
3368
6435
2363
2515
5906
2880
8770
9224
385
4414
7057
3129
8343
4587
4233
2032
4526
4674
4972
1050
2031
3886
636
9917
3315
4434
4384
4440
9732
9972
8565
3121
1384
6548
4989
1865
5969
246
6537
1443
3630
5309
2892
9185
8027
3208
1091
9027
5818
6917
3340
4621
652
8995
9975
3570
8061
7905
1412
668
2986
6534
4957
7849
5901
9194
5711
8056
478
1496
8866
6057
7850
7347
4393
7103
7492
1745
8563
2701
4464
7480
7617
6257
8789
4916
1126
233
1339
4706
9788
9991
1013
7752
9560
5552
145
3790
6693
372
7503
7422
6650
8570
5164
3732
2639
5917
5058
3533
8828
3514
9816
7926
4871
5231
400
4824
2914
3837
3207
6487
6763
4029
6552
4330
6925
4956
2190
2015
9122
7700
820
6064
9775
107
7698
7588
933
6981
7271
4490
2355
7425
9087
50
3795
6911
7168
3995
4557
6367
3478
9871
9299
6963
7579
1315
790
9056
7599
4597
6417
3498
2878
3929
3069
3025
7998
2217
8839
7374
3438
1123
5952
6944
4953
9716
7921
9021
2226
7194
1239
5657
4204
9691
4184
9410
4448
3554
3651
6783
7328
1909
9404
5689
4180
7424
7551
6412
6640
4543
60
3619
4495
231
1197
5279
5203
2855
3749
9853
428
5339
9088
1074
1148
6090
7133
3403
6433
6803
7256
5949
9524
3005
4387
6661
8278
8361
7796
3442
6044
1048
9597
7919
2476
4570
3193
6942
5428
8226
2839
4877
446
1063
948
1902
2465
4533
6406
220
4041
7556
6219
4193
5726
5321
6395
452
7630
8156
4874
5639
8890
6893
354
9825
4945
1888
5615
5609
3657
3151
1112
2712
8672
5730
9097
2670
6888
8824
9576
4258
990
1351
8710
5764
3740
9625
8
4704
7064
4228
7134
4097
3059
266
1761
9690
1517
4491
58
2338
3895
6310
4731
9244
4986
2539
3490
7395
9112
8547
9935
5034
6266
9153
4245
5209
388
9084
8797
7239
4851
4229
5876
8609
5045
1307
4657
4627
3118
2800
6125
4793
8032
119
9799
7602
9598
4119
7138
6523
2322
307
8992
7944
6449
7476
7464
8386
8734
3976
9811
7908
874
8582
4304
4138
6657
4869
2956
3694
8737
348
7398
2894
4213
4425
3620
5827
9362
6450
4762
3763
7080
9695
6329
8171
2516
1922
5266
3178
4898
1687
7597
4403
6969
2377
5771
7576
5018
8059
7831
7616
5485
6201
7421
580
8728
9370
9223
3350
3385
8758
613
5135
9909
8601
8327
9380
6649
9435
869
9550
417
8069
2554
3811
5335
4645
4088
6589
5121
989
9958
5613
3848
968
2996
6234
7404
3126
2304
7673
3443
688
879
9875
2189
173
326
8823
8966
1895
2265
5432
3962
4463
8083
1792
4952
8351
9639
6471
4169
4077
6995
9055
7258
3297
4967
508
1832
6341
4798
1487
3727
8189
3772
4818
513
9372
1686
8508
1028
9125
1612
5517
4531
8208
4063
4311
3363
6998
1602
8427
6918
8907
3015
4457
3748
8560
9412
1361
8518
1159
9645
794
621
4540
3072
7190
306
5237
5773
7216
3276
4926
4796
8588
3762
7067
8883
1335
9183
2246
7403
8229
5375
8335
7061
7381
2864
1291
1061
7807
4834
2808
8517
76
3192
9988
1231
3324
2235
9454
3245
5242
2748
4353
3354
8119
6007
8697
1176
521
4879
7774
7615
7465
7832
7222
1692
9840
5328
7550
6085
7127
8434
6021
103
8557
8503
3418
6612
805
774
7140
171
3506
8663
8657
8536
558
9741
4653
136
6018
9516
8126
9827
6038
2608
3112
5077
89
2751
4880
9265
7663
175
6128
3509
2584
7312
631
4859
8610
5408
6312
4328
5571
4772
801
8106
5179
284
9157
8328
4445
5277
6062
7111
2141
8905
3883
8573
4427
8269
9481
4319
9526
8063
2710
646
2646
2780
313
9433
9667
4814
498
568
527
1549
7648
3776
6423
3079
3463
8490
6704
876
8520
8736
3248
9124
2422
8818
5016
225
3920
494
7063
356
7565
917
3558
2448
7436
5962
9129
2275
9400
358
4265
2510
9415
6951
4285
5691
2818
1418
7069
1332
5765
1659
1831
9791
2736
1530
9591
2097
7054
900
5721
6676
8845
1499
3322
4980
105
2884
4472
5953
8531
3522
852
4003
2268
1866
9083
1314
4444
1987
4122
7402
9102
4665
6463
6629
2076
4125
8903
918
2223
7439
8349
5115
4186
6799
1803
1208
6939
4106
727
4697
7091
5512
3205
5178
2113
5871
8392
7592
9674
5971
5155
3903
6492
2468
6016
3617
5290
4912
5756
9347
1318
9220
6568
4127
6106
8307
8404
7906
2759
6239
1153
7448
9402
2802
9623
3396
1289
1088
2202
4652
5140
9967
2412
966
1483
8314
4606
1355
1820
7442
3595
7053
5051
1983
113
5977
1319
5805
6503
3980
6432
1237
3201
8014
4194
1041
5619
8993
402
3546
9334
2047
2985
1672
490
6872
7736
6689
2537
6413
5524
2248
5319
3804
5078
9422
5946
5161
1531
9306
3985
5073
9166
1506
1550
9379
1271
5591
2205
1600
4564
2150
4548
3335
8379
4938
504
9841
9131
6083
9533
1317
7772
1667
5631
9506
9160
4082
7479
9529
3845
8884
9502
8947
9188
6169
6791
9251
9357
254
2964
8967
53
7100
3744
6670
3089
4910
9011
1790
8501
7714
5642
7089
6804
5933
8020
9957
4347
7144
7777
2478
2872
5448
132
5616
5396
67
5584
8786
4848
846
1785
7157
272
8452
1297
1367
1368
187
6959
5596
7357
2257
7742
3634
5000
7801
2464
977
4783
7264
7394
9710
5829
2458
5653
6252
2288
2597
6703
8974
30
7498
4214
7739
1574
5360
8448
9701
3588
9824
2947
4438
8505
4201
6192
3291
3603
3770
7180
6559
7333
5839
2461
5844
3626
7515
718
4560
823
3704
7098
8473
3441
6835
2912
6061
2042
5393
2007
6599
8450
72
685
7852
8197
3342
7136
308
4421
3585
9834
2760
8723
6343
9835
2504
6178
928
6058
2295
5366
3305
1131
7262
4236
9201
4573
5984
8357
3680
3857
5542
5700
9937
8552
1401
802
8179
4729
7826
6510
1294
5990
457
9657
4585
6668
875
1912
6076
2677
2602
215
3327
9735
5233
1755
8906
8128
1313
5959
5682
492
5785
5565
8885
947
9697
4145
8429
9414
7389
7937
5582
9889
9523
9864
3631
5794
3181
3007
8225
46
4344
5181
9180
8549
6903
8976
2885
523
5533
7950
7459
5643
2491
2004
2394
903
656
7237
3215
4133
3068
4655
3607
1034
7170
7931
2848
5768
4075
3788
1295
8933
3029
2888
3867
6984
5131
5483
9327
6567
4093
2949
2745
2153
4670
2777
1794
2501
7768
7536
1218
1885
7287
3351
6100
160
7118
4492
9301
9553
470
5941
1481
2413
887
7664
6641
7410
4206
6122
3955
7650
6344
4905
4415
9033
2467
9022
1098
3102
3484
3696
8276
5893
9997
4774
4437
2294
5263
3705
5072
6340
4348
8363
641
1326
188
6428
6054
8856
7970
448
993
4572
5573
7567
5647
3086
9955
3450
5734
1336
5650
9474
1491
5409
8859
9631
9818
4429
318
2120
856
6936
1973
6832
1507
4779
2337
8500
3187
223
9093
720
3663
7236
8175
7771
200
287
8515
3577
9345
3926
9783
4514
139
2005
421
1014
8523
2890
6289
9694
4813
9879
1583
7497
857
2433
7564
4289
5295
9885
7046
7740
8173
7613
3230
2353
1637
745
1504
6654
5791
5378
3508
130
2601
3997
7428
970
2287
9772
1923
3329
1748
3778
286
7546
9666
2854
3054
3105
290
5238
9023
6029
5884
5783
5170
3741
5334
3613
5144
7763
6755
2624
8982
8725
1628
1893
3194
3649
6204
8109
1765
8719
2477
1737
2482
5460
4290
2424
2882
2218
2636
1154
5511
2383
2198
6509
2426
33
624
1940
5963
6529
8910
4707
7980
7441
8234
5481
4276
1658
1653
8671
9128
7972
9316
324
9599
8390
9352
1679
1943
8164
4239
7188
7820
6270
8235
4999
5551
7351
9946
6290
9930
9767
8702
9689
9849
3994
6908
6809
4987
7306
530
6420
8834
8368
4552
8055
6527
8028
2779
6883
151
8493
5112
8629
7214
186
2236
301
6150
8186
6642
4849
1135
9439
4195
1991
304
1365
3298
2430
1053
8018
8353
2432
3966
1049
8470
8381
638
7693
5447
5345
6985
1959
8469
9803
5622
793
6899
2335
8599
6884
845
1756
2637
405
1381
1431
7838
1322
6214
2001
9457
1624
9196
4568
4211
2856
939
9356
5558
8285
2938
3933
4300
8805
1584
3549
5380
6759
5337
9590
8579
8793
9828
216
2423
7022
362
5585
7044
3317
3031
6855
4582
3571
2853
6392
723
210
8590
3563
1398
6364
8637
1616
3020
8165
6013
7084
7440
4529
5543
5463
6957
8612
8395
3465
122
2233
8168
5488
8660
591
3893
335
2931
599
9116
5530
4509
4002
2623
7594
9204
8062
3890
2793
3536
6027
5013
5914
4112
4178
4068
2542
3852
6104
9702
7942
8630
2905
87
9019
7644
7967
9641
5575
3272
1411
9547
8477
639
3865
5908
5830
1858
9555
5215
6582
3918
6408
8116
9650
3944
3832
7040
9927
2875
4551
9246
480
5403
7320
6193
7888
1296
6467
828
8796
2360
5531
8462
768
8870
3469
8836
4411
61
1457
9159
8182
712
2944
5786
5157
4507
273
3575
5507
7071
1500
4396
967
6880
5134
8374
2418
7128
4881
5391
4332
1173
4857
749
7342
1186
1674
3839
9738
9670
7844
1678
9833
1471
7241
6176
2204
368
505
7004
5433
7610
5012
8223
5882
5480
835
45
4511
7124
2723
3665
2932
683
4544
9642
4067
9964
4291
250
8017
4934
6357
3781
818
9221
7469
3388
8583
2987
6177
860
9733
7172
2784
2024
1588
6653
3868
7652
5677
7734
6524
5944
2925
4006
1568
2577
3459
6881
2180
8336
2507
5254
8819
8315
8674
9805
6063
7266
247
9469
7280
9608
7618
7523
1447
737
8451
7595
6030
2003
4340
4177
3203
8650
2161
3586
8510
172
4662
8007
6767
475
7437
3624
8072
7829
418
5733
1263
8679
872
4575
8467
3111
9580
9686
3501
3333
6810
8901
5586
9785
9521
5323
4123
894
9929
1779
5590
6816
9374
6385
3296
9319
1233
7412
5221
5340
1683
2351
7628
4610
2581
6546
1392
2989
3251
6251
340
732
1552
4004
3555
9308
2713
8709
5934
5674
1440
6197
9943
1915
484
9948
1222
853
6356
3149
9736
3125
5377
7770
7776
8775
447
3504
3202
2084
1278
8399
4705
4383
5074
2664
2847
3413
2838
8021
2196
8408
8840
7307
450
9219
842
5037
5452
587
3168
8416
8403
8345
8297
8635
3457
5736
8442
8441
9473
3731
1641
1619
2083
6309
3150
7877
4784
2929
9868
6081
4809
2034
8071
1324
178
8134
2966
2139
809
2160
2733
317
6672
8436
3735
8600
5968
4505
7298
3101
3582
1356
4139
7728
4817
1095
9615
1229
9466
1541
1861
4901
4278
7015
6118
799
2840
217
3292
7291
9085
9706
3370
5862
1859
5090
243
1155
6500
561
1739
1459
4337
4769
6935
2915
6695
8100
9059
6267
5381
1479
9729
5865
3814
935
562
4227
1897
3364
481
4129
6522
7484
8075
9559
4218
7167
8155
8504
7547
956
2253
8210
3625
5520
261
7668
962
5637
9324
2983
3544
4458
4426
8837
7943
3684
8655
6894
848
2148
5769
191
6842
8274
6431
5675
746
2449
4243
1966
2165
7540
7417
5286
3528
9633
8614
2903
3043
6145
4599
5202
1274
4315
2580
5004
5461
4379
2705
6244
3330
1170
384
4274
2821
1955
2529
8509
1947
7542
4012
7286
8844
4846
7323
3382
12
7224
6790
9916
605
7338
1850
7027
6131
6631
7391
1781
1341
8745
7961
1337
5374
953
4120
8181
6521
8360
9080
4241
2176
7171
4162
8937
8780
3792
6263
7314
7699
7380
1444
8854
1970
543
1949
8240
342
8527
6990
4624
8088
80
5354
9910
8779
6690
9587
3685
2420
3724
7082
3771
8209
2230
2726
7639
5567
3440
5262
779
6472
7313
3979
4981
786
814
3635
7753
5881
8638
9275
7538
3188
3288
3477
8941
9628
4539
5504
5451
4198
1681
1830
4208
1073
6473
8080
3032
3978
6896
9725
4078
1075
283
5523
6318
4054
3471
8092
2089
8067
1954
9882
7494
6168
6580
8940
2926
3348
658
2096
9648
8271
4917
6837
825
667
7864
2505
1571
6634
1084
4428
7903
1960
6919
2292
5965
2653
1267
3922
4323
9045
7859
3743
4719
6238
8270
3963
3655
2384
5804
5390
6337
3182
5555
7013
625
6107
6319
6048
4626
6468
7591
3495
5276
8932
8258
2967
3154
7963
7284
6316
1484
9921
8892
4107
4225
1359
2470
1369
6765
6681
3742
6253
2673
9343
4925
4921
5887
370
3217
5685
704
114
4558
6279
422
7360
280
3876
3567
8324
9447
2860
3793
8184
5958
4685
9894
8132
8011
3805
2332
920
8696
7748
7909
1372
5033
8864
1466
404
8740
2006
8422
684
5154
9717
3581
9798
7031
2325
2293
8987
3580
5151
5753
2567
6002
7233
1413
9851
2619
8639
6440
3485
6966
588
7881
437
6934
3565
5343
1333
944
5397
5382
4958
9212
276
1877
3566
7674
6365
5921
3256
6112
3766
8792
6404
2018
1265
9115
8256
6775
2444
3860
2178
7593
6249
890
8830
997
8821
3690
6207
6922
8190
2917
7205
827
8412
9552
7489
9723
9676
2213
954
6774
4404
7282
6195
3176
9245
6194
8848
7945
6291
104
5081
406
3108
4836
7334
1515
6141
1420
7483
9839
2711
7110
2203
5314
864
663
396
5846
7552
2060
3152
7026
2552
5703
374
1929
1946
9408
9513
5787
1855
232
2725
3390
7695
7490
8984
5101
5720
1342
8914
5935
862
9782
7548
6666
1548
6483
9936
8053
8066
2488
5251
789
9551
8396
3931
8878
7958
3970
6102
8346
4273
3367
6133
5569
7562
7426
2578
8494
8617
5698
7928
1025
1916
6772
9850
6620
7265
8203
5604
180
6807
3284
7430
7681
7573
3511
7206
645
3950
6283
5638
2492
5406
4763
7634
7418
5469
489
6059
2344
9423
6378
8415
7348
7940
6032
674
2385
6621
6773
320
4744
4010
3529
5302
1950
3167
330
5498
1419
8592
2321
5470
8065
240
7851
9622
560
7219
7968
3587
1990
7685
6009
3534
7709
3249
2662
8152
8406
2579
2610
1743
4329
381
7358
5987
5855
911
8005
4699
8185
2252
2563
7537
5671
6460
7713
735
153
2043
8833
9358
1772
7359
1872
2993
2768
1193
1149
1235
7179
9698
365
8289
8354
2402
5606
9896
2109
1817
3432
7095
7911
716
4007
8545
5117
5351
4099
6626
2453
3552
1327
8936
9365
2811
2124
3210
3844
2693
3598
3341
8587
2391
6105
6764
7814
6457
6031
1199
592
7870
4937
8491
984
5900
6699
7482
3200
689
8044
9643
5032
8016
2390
7655
8896
1935
5322
4433
3515
3467
8688
2968
4044
9348
6616
3834
9876
391
2988
3449
8813
8971
6080
1082
2827
1527
9317
7105
7270
1587
2557
6103
2683
5816
2715
5040
1780
2832
413
2612
6298
7947
4886
1824
6782
4562
7692
8954
6087
2480
734
5177
8302
5039
4327
8651
15
4500
6363
149
2173
5271
9450
7423
9520
8035
2281
9778
932
2361
3313
702
5708
5659
3526
2111
8973
973
6255
2791
4279
7789
6380
4408
682
2105
54
3693
5386
7383
6605
350
9351
878
5156
7858
3615
3646
9653
369
5913
2842
4740
6643
8009
9595
6507
6551
7875
293
851
8553
3131
2440
4202
5601
389
6614
8036
3721
8511
3612
291
7174
1597
3819
9273
8726
5285
7960
1801
2439
1513
2629
4546
1725
7060
7143
7833
927
2085
1406
2587
9039
1346
6777
2541
691
7506
3387
2108
895
8962
7202
1002
5649
9707
4852
9452
4385
9784
3311
7104
6307
2526
2753
9852
3157
2342
2169
1143
4579
8946
2564
941
9268
5563
1240
2387
5053
9298
9449
4759
4284
1377
1
7718
116
7062
8869
6276
7619
1993
7198
4485
4993
63
4785
7729
3287
7405
9545
2227
643
4468
1880
812
2259
7273
2380
3916
1094
5593
2706
5106
244
4475
8626
2179
4718
7532
5255
2290
5514
5478
1516
441
5626
3061
6993
5728
4742
7600
1590
7839
7896
2898
1344
5848
7343
5055
6181
2447
7629
9728
986
8455
4667
6712
1917
8039
595
8576
2571
9355
71
6647
6924
5084
6841
9893
2809
2540
6373
7653
3384
3599
4866
9008
2082
2
3578
3212
5256
3434
5525
8827
162
1593
6562
8121
2023
488
1903
6026
9064
3682
6740
241
520
9394
7857
540
3887
7957
1689
5679
3211
5860
1424
6268
8817
4695
3016
8769
4200
9371
9398
4223
5683
1551
5796
465
1258
6691
115
6149
2495
3310
4071
9010
8300
294
6570
8341
1744
3821
2688
8281
9680
6956
5479
9994
7525
4298
8435
7665
5022
2367
2727
2144
4831
3658
7586
376
3180
4486
3027
6226
8481
1709
8953
5054
4416
8015
1461
2035
4976
5076
803
1867
2560
1898
5763
3737
3286
5083
3444
2289
7677
4001
1996
7526
2117
9458
7865
2814
6549
6051
5007
8816
7647
2398
676
332
40
4061
5118
420
6108
6744
5568
1594
5939
2813
2102
4907
3033
2053
8855
9718
4314
2651
9740
9361
5610
6885
2359
3765
8388
3206
235
6581
5246
9855
4412
1818
7646
3468
8177
2514
5211
4185
6638
7704
3399
906
8438
4561
6858
2714
9486
671
2772
2132
6979
1870
6664
4992
6873
4388
7955
7863
427
1800
2323
7193
8159
6814
1077
6258
9170
2513
3521
9570
6735
9472
9869
8998
6508
8897
4935
3229
5898
7977
1052
3618
5113
6110
1625
3123
3896
6297
9760
1878
9753
7751
4876
1509
1027
4949
669
270
952
1942
7511
3760
620
3006
2174
6588
367
554
535
2532
9566
7627
6887
5997
3547
1230
4640
3220
5274
7641
3130
6688
9742
7043
6119
2264
4676
4556
1146
8142
9239
8030
7585
5008
3063
2981
9483
9688
8431
5331
7272
4235
4671
5107
930
1400
2910
924
8747
203
6368
9050
5636
3143
7755
3002
9417
253
8608
5141
6663
2320
3412
7223
2747
1985
4751
2062
4424
7221
4513
5145
2943
7640
4048
8616
9918
4295
8528
9330
7669
11
1150
9478
9860
2519
7217
2333
1614
3675
5781
9174
2057
5627
836
1485
9446
4079
314
170
3424
3371
2048
5742
1107
6861
6232
4611
4614
9877
7443
2221
5079
8499
1553
826
6915
601
8773
9797
8468
4156
9659
5284
3163
3974
6235
7088
8359
3383
3431
5236
5041
8461
9463
1301
4864
6446
8316
666
4366
1573
2285
3733
5114
9984
1039
9517
4974
183
5780
4135
2867
4282
1068
3489
8574
5672
510
3538
8900
7384
7626
8192
7581
70
5964
4821
6561
4439
2014
1000
1644
7867
6282
5991
5358
5869
7711
964
4692
1408
3539
9148
9779
4140
1249
2094
6719
994
3455
1735
3295
2521
9311
6381
2373
9096
3294
2138
6209
8685
5916
2371
8794
9810
9257
5904
1080
9562
8045
5497
9339
7933
1070
382
4469
4855
2954
9283
1962
9437
4612
7780
1580
5369
6635
1793
2621
2186
8778
2547
7463
3267
2805
6147
1599
2278
8068
7611
8166
8968
6683
6587
7638
9451
5973
6930
8584
6464
4973
7622
8724
6052
2499
839
8402
3853
9911
3866
8444
5088
2103
4577
8242
4702
19
3173
9644
7362
1988
8108
9867
2572
6163
1965
1871
7722
1138
9429
66
1706
4617
4361
1001
2051
5888
8949
4094
7545
5895
8716
6748
2489
4230
2279
8544
7330
4170
3024
4009
5490
6904
268
3233
2460
7889
5925
5803
393
4483
3986
1288
5776
3927
9134
7324
2469
6050
9167
7866
610
4654
8551
4310
5143
3991
2392
7470
6868
8550
9037
8013
6139
5046
6994
4799
785
7818
1650
7510
8686
5353
758
1490
1202
9660
5947
598
9603
6866
2404
6749
4264
1393
4496
2158
5308
9179
3275
4822
589
8902
6584
7645
8378
5885
6127
3009
1646
1696
9777
5557
9601
7835
4682
2503
7993
1268
8176
1921
3627
1292
3028
4476
2185
9260
807
8323
9557
242
3755
7495
6477
4936
5394
6229
6099
8964
8372
2283
811
9234
7317
4775
279
5265
670
5373
322
7808
1438
4609
1773
8496
4021
8024
7882
5529
7079
6179
1595
2071
4020
1676
1622
5312
9424
204
3425
695
4679
4238
5578
8161
4504
7651
5979
1671
9282
1260
1532
1777
9321
9335
2336
3321
3283
9870
3822
2493
7074
3419
1585
1018
7316
1210
9005
5223
6762
1058
3091
5484
3268
3562
8411
9440
7986
7946
5502
606
7535
8934
4584
3672
5932
4222
4828
2512
4369
5024
2041
466
3934
4302
1116
8456
4536
9510
2214
5476
4649
8170
1786
4853
1501
9456
8471
5316
2090
4941
7429
124
27
9604
8875
9675
6506
4966
8193
1533
9664
1241
6036
3738
3019
7212
1492
5370
2454
1255
4815
8754
8521
2794
6153
2984
5857
4519
6303
4528
8580
1719
6010
9098
4355
7987
8718
2126
9765
6540
1905
9331
6324
8196
8988
6709
8969
3796
2617
5027
3858
3081
5717
3907
6390
1118
6954
2549
7936
3794
9790
2063
7878
6261
2354
1611
1125
7149
4151
8667
4057
6761
6285
3642
5833
4292
557
13
2804
5208
5102
20
6571
2219
960
3051
7897
8541
719
5057
6667
5724
3320
2945
5594
471
1945
4971
7371
5422
5230
665
7292
6411
1522
4246
5732
9568
3958
6223
9187
3087
4675
3078
3098
1495
1293
551
800
1529
9756
4845
1225
4603
8656
1763
6652
1232
2340
4950
2520
5566
7837
2995
2114
9754
3987
1645
5153
1207
1099
95
4906
4410
892
4090
7472
82
167
2574
1269
1655
1576
2419
6731
3144
8322
833
6798
6434
5562
573
2873
3711
9945
423
8939
4506
444
4277
635
4155
1024
9137
2049
3238
4085
2262
2605
3783
249
7477
910
1840
3818
8311
3908
4970
1742
7373
5864
8768
5344
4360
5793
4392
1343
7676
2682
17
5536
1403
3008
4144
5092
1060
9393
8776
661
2952
5907
8238
9230
4991
3697
1212
9617
8942
8154
77
4242
3629
9290
8556
517
6564
4084
7747
410
5128
6084
3786
8765
1952
5878
2592
3281
1221
1136
9254
6243
6586
3768
8356
3660
4373
1829
8997
3053
7086
3548
8465
6840
495
3638
7683
9388
2431
5059
1078
3681
6983
1914
5325
742
5243
4234
6470
5853
8603
4598
1435
3198
5431
6517
3564
8721
8615
8917
9048
736
2963
8593
1463
2349
4689
6991
7462
184
1234
6513
9704
8058
3040
6382
5234
804
4110
5056
8330
9448
1124
9518
1198
6068
4148
9269
4487
2502
6271
212
870
6055
5167
9114
5244
9616
6186
6469
2762
3559
7055
5311
2795
1211
9589
4043
224
6795
5159
9901
4299
9922
6828
6932
4650
379
5186
5554
761
8326
8296
9969
770
7886
4378
5471
6920
7891
6865
5778
9145
915
9058
4978
2025
8350
6933
196
8684
6152
9060
6547
7226
8662
2935
5635
9217
5795
4283
788
6212
5421
2494
5535
8052
3700
4591
577
8295
1715
7584
9210
7884
3095
7030
1312
6788
6845
4076
2744
7516
9237
9209
9982
3972
219
2667
912
5194
1693
1911
3162
2534
5784
1682
4036
5318
4175
2604
1282
343
5602
8965
5745
2346
2699
6079
8542
9654
8255
3462
780
9036
79
1285
4757
9042
2893
9034
8559
278
850
3376
8781
3246
6585
4713
4470
8458
4052
2445
7743
7920
1349
4309
7575
9884
3464
4288
9431
3428
9978
6575
8784
3810
4995
7396
1537
7132
8930
3667
9342
1904
4897
2696
2877
8695
1030
9874
8331
8927
8272
5845
5807
2276
4840
3073
2208
5414
4320
7368
6515
1395
6961
4072
2582
3801
8022
8492
9938
7598
6167
459
1826
4884
408
443
5129
7649
8293
762
1528
4738
9987
3948
4471
4865
6173
881
8318
434
4727
9751
3753
5304
1759
3707
6254
6187
1064
5605
2033
5936
9919
6734
3158
2799
995
238
8975
7446
7355
8799
9771
8397
8187
9354
7243
4386
5727
5184
5205
2749
4466
7244
6003
4467
6743
3943
6535
6265
6389
797
1843
2146
705
8507
6250
4680
1505
3270
3247
4073
1364
2118
3344
7915
9684
5235
7414
8977
7949
7642
5468
3798
4899
1964
328
1539
4142
5426
5158
4641
8926
4601
1158
297
9147
4207
5989
4026
9270
4766
7035
5692
8230
8879
617
3456
5283
7321
8682
4215
3060
5270
908
647
3756
9130
5695
8645
796
3754
6248
7589
4118
7705
117
7065
9509
703
3647
3189
9041
4397
8377
3331
7716
8760
5294
5577
7025
9501
2979
1360
9536
3343
3481
9271
5162
926
9655
1767
5010
3046
1201
8486
6217
6660
1190
2763
6624
6351
8215
5399
296
6864
3240
4196
3992
2358
724
4648
9432
2895
8150
7996
8440
603
7727
1087
7097
7189
5330
4913
7319
3185
3378
1967
1305
7215
3898
3820
3476
25
2845
6682
707
2962
6636
7251
8912
6439
5998
51
4257
7066
3196
8268
3000
9763
4189
9737
8699
1144
7147
8972
6490
2164
1215
6768
5006
6574
6335
1004
1956
3915
5595
6769
165
650
7049
3417
8202
2238
6024
6746
949
1476
7252
8606
4889
9318
8722
496
7218
541
6808
302
8070
7529
7361
1697
6696
8264
8375
7966
524
8577
609
4449
5815
777
8194
9854
2222
148
7196
147
6430
7760
7880
7823
5404
8648
5264
9151
6725
9731
6906
9556
1209
4717
3375
8618
9980
305
7923
9581
5062
733
6154
9091
5288
2746
456
6023
2866
594
8664
5532
6996
1191
4900
4875
8815
309
5752
1910
6236
9133
7250
519
460
1864
567
765
3643
6977
9951
363
6519
7608
6874
2737
4737
91
5528
6355
6045
7478
6665
3227
1450
7093
472
2145
6780
7388
8216
5660
7148
7876
4098
2613
4555
3355
6481
8548
8423
4205
1634
1774
7142
325
2485
7679
5124
5896
1129
3470
5581
7186
7794
6739
6489
5503
5222
2407
5096
6813
2709
9430
3186
7016
575
7821
9106
8990
6931
3099
4039
8198
626
2909
2104
6407
1733
7246
6943
288
692
7720
6314
8010
2156
8703
2622
3947
2807
9804
5466
9793
9973
5956
3833
572
3448
8029
611
2095
9578
651
9113
4858
9962
1467
7991
4948
5802
2750
3573
7123
5443
916
4819
267
4710
7803
1183
4891
7137
2266
9610
5035
9837
1688
7853
4825
1698
9378
9925
3394
8783
1370
2900
7158
1005
5840
8841
7624
9359
6706
4574
4498
2206
3328
3670
4569
4336
6488
5224
7555
4154
4659
1378
3261
3712
2720
430
3610
7701
9626
52
7843
2119
4961
4647
9542
1538
3347
3117
6563
4732
905
1995
3949
5986
3271
7805
6623
5329
6188
2678
8206
502
2994
8301
3139
6480
4497
2038
4338
3557
7792
5042
9120
9912
9781
4534
3401
9291
390
9070
8355
6713
8266
4862
4
9970
6972
7275
3703
5735
3334
6146
1179
5716
7956
5454
7496
7220
5719
8668
3953
5467
4808
1067
2663
6555
7871
7308
7481
7883
8483
8842
5296
7433
2011
1480
1283
2403
8634
1325
5123
2074
8513
6228
6538
4070
9743
5858
2606
8284
1836
3445
4789
1397
8575
4631
1121
9976
8915
9497
3900
6302
9933
2543
4275
2767
3113
4725
2573